4.147247672080993652e-01 -2.661709189414978027e-01 8.479999899864196777e-01
1.296572983264923096e-01 -3.373554348945617676e-01 8.230000138282775879e-01
7.293286919593811035e-02 -3.274486362934112549e-01 8.339999914169311523e-01
4.328639209270477295e-01 -1.857583820819854736e-01 8.920000195503234863e-01
1.157606989145278931e-01 -3.582391738891601562e-01 8.130000233650207520e-01
1.169552374631166458e-02 -3.003648519515991211e-01 8.619999885559082031e-01
3.370877206325531006e-01 -3.056405186653137207e-01 8.270000219345092773e-01
1.023044139146804810e-01 -2.913573384284973145e-01 8.550000190734863281e-01
1.608391255140304565e-01 -3.373554348945617676e-01 8.230000138282775879e-01
1.441577970981597900e-01 -3.086813688278198242e-01 8.439999818801879883e-01
4.114832282066345215e-01 -3.280230462551116943e-01 8.040000200271606445e-01
3.655138909816741943e-01 -3.270504474639892578e-01 8.169999718666076660e-01
3.098274767398834229e-01 -3.378316760063171387e-01 8.090000152587890625e-01
1.537510305643081665e-01 -3.054394423961639404e-01 8.439999818801879883e-01
-4.443564638495445251e-02 -2.793675661087036133e-01 8.740000128746032715e-01
1.201746910810470581e-01 -3.086813688278198242e-01 8.439999818801879883e-01
2.873615026473999023e-01 -2.463584095239639282e-01 8.759999871253967285e-01
1.893739551305770874e-01 -2.980392277240753174e-01 8.460000157356262207e-01
4.160893857479095459e-01 -3.160806894302368164e-01 8.130000233650207520e-01
1.227877363562583923e-01 -3.185113966464996338e-01 8.399999737739562988e-01
0.000000000000000000e+00 -0.000000000000000000e+00 0.000000000000000000e+00
2.258623838424682617e-01 -2.102482169866561890e-01 9.089999794960021973e-01
1.441307514905929565e-01 -2.212451249361038208e-01 9.039999842643737793e-01
-8.154259622097015381e-02 -2.249162346124649048e-01 9.190000295639038086e-01
3.347580134868621826e-01 -2.661020457744598389e-01 8.529999852180480957e-01
6.680305302143096924e-02 -3.474488258361816406e-01 8.169999718666076660e-01
3.961310088634490967e-01 -2.401758283376693726e-01 8.780000209808349609e-01
1.925792694091796875e-01 -2.931648194789886475e-01 8.460000157356262207e-01
4.232545197010040283e-01 -2.992872595787048340e-01 8.270000219345092773e-01
3.136719465255737305e-01 -1.986745595932006836e-01 9.039999842643737793e-01
3.743955790996551514e-01 -2.778830826282501221e-01 8.439999818801879883e-01
2.778033018112182617e-01 -2.885444462299346924e-01 8.420000076293945312e-01
1.711518615484237671e-01 -2.242203652858734131e-01 9.020000100135803223e-01
2.789911627769470215e-01 -2.993331253528594971e-01 8.360000252723693848e-01
-1.143888086080551147e-01 -3.557364344596862793e-01 8.289999961853027344e-01
-8.047783374786376953e-02 -2.428828626871109009e-01 9.070000052452087402e-01
1.252674609422683716e-01 -3.094128668308258057e-01 8.460000157356262207e-01
0.000000000000000000e+00 -0.000000000000000000e+00 0.000000000000000000e+00
-1.480842977762222290e-01 -3.354409933090209961e-01 8.420000076293945312e-01
3.006667494773864746e-01 -2.759427726268768311e-01 8.479999899864196777e-01
2.519356310367584229e-01 -2.491531074047088623e-01 8.740000128746032715e-01
-3.569288179278373718e-02 -3.508510291576385498e-01 8.249999880790710449e-01
0.000000000000000000e+00 -0.000000000000000000e+00 0.000000000000000000e+00
1.434745788574218750e-01 -3.136715590953826904e-01 8.399999737739562988e-01
3.530603051185607910e-01 -1.986745595932006836e-01 9.039999842643737793e-01
6.110689789056777954e-02 -2.525712549686431885e-01 8.920000195503234863e-01
8.233997039496898651e-03 -3.241211473941802979e-01 8.420000076293945312e-01
4.326545298099517822e-01 -2.913456857204437256e-01 8.270000219345092773e-01
3.517348766326904297e-01 -2.963029742240905762e-01 8.320000171661376953e-01
-1.892729289829730988e-02 -3.265119791030883789e-01 8.439999818801879883e-01
1.912279129028320312e-01 -3.457477688789367676e-01 8.130000233650207520e-01
3.599873185157775879e-01 -3.152929544448852539e-01 8.149999976158142090e-01
9.871478378772735596e-02 -3.397597372531890869e-01 8.249999880790710449e-01
-1.613303422927856445e-01 -3.168877661228179932e-01 8.529999852180480957e-01
1.794943958520889282e-01 -2.648650407791137695e-01 8.759999871253967285e-01
2.797011733055114746e-01 -2.384895682334899902e-01 8.780000209808349609e-01
-4.197118803858757019e-02 -2.559975683689117432e-01 8.920000195503234863e-01
2.373244911432266235e-01 -2.527346909046173096e-01 8.690000176429748535e-01
-1.095243021845817566e-01 -3.014101982116699219e-01 8.650000095367431641e-01
2.490678131580352783e-01 -1.986811757087707520e-01 9.120000004768371582e-01
1.578310579061508179e-01 -2.212451249361038208e-01 9.039999842643737793e-01
4.252496957778930664e-01 -2.546343207359313965e-01 8.529999852180480957e-01
3.597182631492614746e-01 -2.104478925466537476e-01 8.949999809265136719e-01
1.989899277687072754e-01 -2.947896420955657959e-01 8.460000157356262207e-01
4.099369794130325317e-02 -2.897577881813049316e-01 8.600000143051147461e-01
3.208705782890319824e-01 -2.885444462299346924e-01 8.420000076293945312e-01
-1.216895803809165955e-01 -3.378674685955047607e-01 8.360000252723693848e-01
-1.497820913791656494e-01 -2.656794190406799316e-01 8.899999856948852539e-01
9.175019711256027222e-02 -2.637835144996643066e-01 8.780000209808349609e-01
2.555902898311614990e-01 -2.979008853435516357e-01 8.320000171661376953e-01
2.076031863689422607e-01 -2.056874334812164307e-01 9.120000004768371582e-01
1.097229793667793274e-01 -2.120985984802246094e-01 9.169999957084655762e-01
-1.939823292195796967e-02 -2.964263260364532471e-01 8.650000095367431641e-01
-1.286370009183883667e-01 -3.394840359687805176e-01 8.399999737739562988e-01
2.013754844665527344e-01 -3.247103989124298096e-01 8.230000138282775879e-01
5.806714296340942383e-01 -2.581807971000671387e-01 1.098000049591064453e+00
4.287572503089904785e-01 -2.778830826282501221e-01 8.439999818801879883e-01
2.530504390597343445e-02 -2.697608768939971924e-01 8.809999823570251465e-01
3.933686017990112305e-01 -2.144097238779067993e-01 8.830000162124633789e-01
3.962069153785705566e-01 -1.867996305227279663e-01 8.970000147819519043e-01
9.980836883187294006e-03 -3.094203174114227295e-01 8.550000190734863281e-01
0.000000000000000000e+00 -0.000000000000000000e+00 0.000000000000000000e+00
-4.479153826832771301e-02 -2.714529037475585938e-01 8.809999823570251465e-01
3.881040811538696289e-01 -2.704175710678100586e-01 8.460000157356262207e-01
1.291450858116149902e-01 -2.237213104963302612e-01 9.070000052452087402e-01
-1.036601215600967407e-01 -2.079609185457229614e-01 9.300000071525573730e-01
2.155671864748001099e-01 -2.426884919404983521e-01 8.809999823570251465e-01
3.938111066818237305e-01 -2.506988346576690674e-01 8.619999885559082031e-01
0.000000000000000000e+00 -0.000000000000000000e+00 0.000000000000000000e+00
0.000000000000000000e+00 -0.000000000000000000e+00 0.000000000000000000e+00
-0.000000000000000000e+00 -0.000000000000000000e+00 0.000000000000000000e+00
3.533057272434234619e-01 -3.254980742931365967e-01 8.209999799728393555e-01
2.268709242343902588e-01 -3.159926533699035645e-01 8.249999880790710449e-01
8.546927943825721741e-03 -2.776889801025390625e-01 8.740000128746032715e-01
1.678149700164794922e-01 -3.388617038726806641e-01 8.190000057220458984e-01
2.833940386772155762e-01 -2.525102794170379639e-01 8.740000128746032715e-01
-6.958825886249542236e-02 -2.789598703384399414e-01 8.780000209808349609e-01
-8.278480917215347290e-02 -2.032560855150222778e-01 9.330000281333923340e-01
1.317825466394424438e-01 -2.485863268375396729e-01 8.899999856948852539e-01
7.300290465354919434e-02 -2.149154990911483765e-01 9.139999747276306152e-01
1.600074768066406250e-01 -2.333139777183532715e-01 8.970000147819519043e-01
2.075549662113189697e-01 -3.191168904304504395e-01 8.289999961853027344e-01
1.218831315636634827e-01 -2.173820883035659790e-01 9.169999957084655762e-01
3.215858042240142822e-01 -1.871401667594909668e-01 9.070000052452087402e-01
-1.028539240360260010e-01 -2.806461155414581299e-01 8.780000209808349609e-01
9.101869910955429077e-02 -2.750629782676696777e-01 8.709999918937683105e-01
4.193731248378753662e-01 -2.365881502628326416e-01 8.709999918937683105e-01
-0.000000000000000000e+00 -0.000000000000000000e+00 0.000000000000000000e+00
-2.574283257126808167e-02 -3.039145767688751221e-01 8.579999804496765137e-01
2.721844613552093506e-01 -3.339941203594207764e-01 8.109999895095825195e-01
-6.084611266851425171e-02 -3.485249578952789307e-01 8.270000219345092773e-01
1.612258255481719971e-01 -2.721346318721771240e-01 8.669999837875366211e-01
4.297365248203277588e-01 -2.540099024772644043e-01 8.619999885559082031e-01
2.487512379884719849e-01 -3.096547722816467285e-01 8.249999880790710449e-01
2.881276607513427734e-01 -3.129284679889678955e-01 8.169999718666076660e-01
3.056159615516662598e-01 -2.480408251285552979e-01 8.759999871253967285e-01
4.222631752490997314e-01 -3.136945366859436035e-01 8.190000057220458984e-01
2.345934212207794189e-01 -2.582165300846099854e-01 8.650000095367431641e-01
-7.311531901359558105e-02 -3.273553848266601562e-01 8.420000076293945312e-01
2.211542576551437378e-01 -3.151703774929046631e-01 8.270000219345092773e-01
0.000000000000000000e+00 -0.000000000000000000e+00 0.000000000000000000e+00
3.644043505191802979e-01 -3.064858019351959229e-01 8.249999880790710449e-01
0.000000000000000000e+00 -0.000000000000000000e+00 0.000000000000000000e+00
2.652982175350189209e-01 -3.152266144752502441e-01 8.230000138282775879e-01
-2.618801221251487732e-02 -3.523035049438476562e-01 8.209999799728393555e-01
3.685589730739593506e-01 -2.855642437934875488e-01 8.379999995231628418e-01
5.582009255886077881e-02 -3.209719359874725342e-01 8.379999995231628418e-01
0.000000000000000000e+00 -0.000000000000000000e+00 0.000000000000000000e+00
2.456981390714645386e-01 -2.693096995353698730e-01 8.579999804496765137e-01
1.400216519832611084e-01 -3.003724515438079834e-01 8.479999899864196777e-01
4.053083658218383789e-01 -3.254492282867431641e-01 8.130000233650207520e-01
3.626375496387481689e-01 -3.144605457782745361e-01 8.209999799728393555e-01
7.472415268421173096e-02 -3.467264473438262939e-01 8.190000057220458984e-01
9.756282716989517212e-02 -2.138597518205642700e-01 9.169999957084655762e-01
2.552845180034637451e-01 -3.324365317821502686e-01 8.109999895095825195e-01
0.000000000000000000e+00 -0.000000000000000000e+00 0.000000000000000000e+00
4.016736149787902832e-01 -3.231193125247955322e-01 8.149999976158142090e-01
0.000000000000000000e+00 -0.000000000000000000e+00 0.000000000000000000e+00
-8.388365060091018677e-02 -2.934639751911163330e-01 8.709999918937683105e-01
5.200850218534469604e-02 -2.646847963333129883e-01 8.809999823570251465e-01
2.411042749881744385e-01 -3.340761661529541016e-01 8.149999976158142090e-01
8.280771225690841675e-02 -3.209719359874725342e-01 8.379999995231628418e-01
-1.572758257389068604e-01 -2.524966895580291748e-01 9.039999842643737793e-01
3.544481694698333740e-01 -2.752919793128967285e-01 8.460000157356262207e-01
-7.789126038551330566e-02 -2.539870142936706543e-01 8.970000147819519043e-01
0.000000000000000000e+00 -0.000000000000000000e+00 0.000000000000000000e+00
2.609444856643676758e-01 -3.002187609672546387e-01 8.339999914169311523e-01
6.054947897791862488e-02 -2.242146283388137817e-01 9.089999794960021973e-01
1.152373701333999634e-01 -2.737997770309448242e-01 8.669999837875366211e-01
-1.542062908411026001e-01 -3.474363088607788086e-01 8.320000171661376953e-01
3.250402212142944336e-02 -3.079727292060852051e-01 8.510000109672546387e-01
3.959361314773559570e-01 -2.131956517696380615e-01 8.849999904632568359e-01
2.559785842895507812e-01 -2.021843045949935913e-01 9.120000004768371582e-01
1.969514340162277222e-01 -2.259181141853332520e-01 8.949999809265136719e-01
3.297858238220214844e-01 -2.131687998771667480e-01 8.920000195503234863e-01
2.035298645496368408e-01 -1.909646093845367432e-01 9.169999957084655762e-01
3.574995398521423340e-01 -2.460587769746780396e-01 8.690000176429748535e-01
1.454490888863801956e-02 -3.258002400398254395e-01 8.379999995231628418e-01
1.016146987676620483e-01 -3.186002969741821289e-01 8.360000252723693848e-01
-6.452590972185134888e-02 -3.094203174114227295e-01 8.550000190734863281e-01
-5.891019850969314575e-02 -2.249162346124649048e-01 9.190000295639038086e-01
2.090990543365478516e-01 -2.857146561145782471e-01 8.479999899864196777e-01
-1.646655201911926270e-01 -3.069869577884674072e-01 8.619999885559082031e-01
3.193010985851287842e-01 -3.549324274063110352e-01 8.019999861717224121e-01
2.766393721103668213e-01 -2.207613736391067505e-01 8.949999809265136719e-01
-9.250538051128387451e-02 -2.463667690753936768e-01 9.070000052452087402e-01
0.000000000000000000e+00 -0.000000000000000000e+00 0.000000000000000000e+00
-1.892986148595809937e-02 -2.203381359577178955e-01 9.219999909400939941e-01
-4.095876216888427734e-02 -2.411409020423889160e-01 9.070000052452087402e-01
1.071292459964752197e-01 -3.095670342445373535e-01 8.420000076293945312e-01
2.314659804105758667e-01 -2.452346086502075195e-01 8.780000209808349609e-01
1.545138061046600342e-01 -2.471897751092910767e-01 8.849999904632568359e-01
2.919535338878631592e-01 -3.533921241760253906e-01 8.019999861717224121e-01
3.812659084796905518e-01 -3.371092677116394043e-01 8.109999895095825195e-01
1.898216307163238525e-01 -2.906005978584289551e-01 8.479999899864196777e-01
-1.365846842527389526e-01 -2.832970619201660156e-01 8.809999823570251465e-01
2.944518923759460449e-01 -2.811250090599060059e-01 8.439999818801879883e-01
1.327676326036453247e-01 -2.923140227794647217e-01 8.529999852180480957e-01
-5.042021349072456360e-02 -2.594238519668579102e-01 8.920000195503234863e-01
0.000000000000000000e+00 -0.000000000000000000e+00 0.000000000000000000e+00
2.640892267227172852e-01 -2.565552294254302979e-01 8.650000095367431641e-01
0.000000000000000000e+00 -0.000000000000000000e+00 0.000000000000000000e+00
1.092408373951911926e-01 -3.012888431549072266e-01 8.460000157356262207e-01
-7.394743710756301880e-02 -1.996722966432571411e-01 9.330000281333923340e-01
0.000000000000000000e+00 -0.000000000000000000e+00 0.000000000000000000e+00
1.562984883785247803e-01 -2.737997770309448242e-01 8.669999837875366211e-01
2.004577219486236572e-01 -2.395003736019134521e-01 8.880000114440917969e-01
4.226405024528503418e-01 -2.622093260288238525e-01 8.510000109672546387e-01
3.825443685054779053e-01 -3.388320207595825195e-01 8.040000200271606445e-01
-5.743363127112388611e-02 -3.547423779964447021e-01 8.230000138282775879e-01
-8.156765252351760864e-03 -2.622607946395874023e-01 8.899999856948852539e-01
2.343755662441253662e-01 -2.120938599109649658e-01 9.020000100135803223e-01
1.290733069181442261e-01 -2.585022151470184326e-01 8.830000162124633789e-01
-1.577572673559188843e-01 -2.626007795333862305e-01 8.970000147819519043e-01
1.745867729187011719e-01 -2.848027050495147705e-01 8.600000143051147461e-01
3.995728492736816406e-01 -2.349153310060501099e-01 8.709999918937683105e-01
1.402126252651214600e-01 -2.417490929365158081e-01 8.899999856948852539e-01
4.195754826068878174e-01 -3.379891216754913330e-01 8.019999861717224121e-01
1.888637244701385498e-01 -2.477645576000213623e-01 8.809999823570251465e-01
3.492993414402008057e-01 -2.515713572502136230e-01 8.650000095367431641e-01
0.000000000000000000e+00 -0.000000000000000000e+00 0.000000000000000000e+00
2.913374602794647217e-01 -3.238877952098846436e-01 8.130000233650207520e-01
2.469854056835174561e-01 -2.251608520746231079e-01 8.920000195503234863e-01
-5.629535391926765442e-02 -3.086965084075927734e-01 8.529999852180480957e-01
0.000000000000000000e+00 -0.000000000000000000e+00 0.000000000000000000e+00
3.254702687263488770e-01 -2.521530091762542725e-01 8.669999837875366211e-01
1.985194832086563110e-01 -2.957136929035186768e-01 8.439999818801879883e-01
-1.061056256294250488e-01 -3.386757671833038330e-01 8.379999995231628418e-01
8.803481608629226685e-02 -2.923796176910400391e-01 8.579999804496765137e-01
-1.121495887637138367e-01 -3.079264163970947266e-01 8.600000143051147461e-01
-3.734607994556427002e-02 -3.485249578952789307e-01 8.270000219345092773e-01
0.000000000000000000e+00 -0.000000000000000000e+00 0.000000000000000000e+00
5.268223956227302551e-02 -2.097135335206985474e-01 9.219999909400939941e-01
3.425240218639373779e-01 -3.080702722072601318e-01 8.249999880790710449e-01
-1.622861474752426147e-01 -3.619423508644104004e-01 8.249999880790710449e-01
-8.913969248533248901e-02 -2.844032943248748779e-01 8.740000128746032715e-01
3.316714167594909668e-01 -2.190347462892532349e-01 8.880000114440917969e-01
2.310695797204971313e-01 -2.693096995353698730e-01 8.579999804496765137e-01
4.230388402938842773e-01 -2.399422824382781982e-01 8.650000095367431641e-01
3.968881368637084961e-01 -2.295341938734054565e-01 8.759999871253967285e-01
9.919340163469314575e-02 -3.302619755268096924e-01 8.289999961853027344e-01
2.749635279178619385e-01 -2.824573516845703125e-01 8.479999899864196777e-01
9.761878848075866699e-02 -2.733901739120483398e-01 8.709999918937683105e-01
3.323391377925872803e-01 -3.089040815830230713e-01 8.230000138282775879e-01
2.656842470169067383e-01 -3.034222722053527832e-01 8.339999914169311523e-01
1.260036081075668335e-01 -2.871205806732177734e-01 8.619999885559082031e-01
-1.404287219047546387e-01 -2.385160624980926514e-01 9.169999957084655762e-01
1.537007540464401245e-01 -2.400397807359695435e-01 8.899999856948852539e-01
0.000000000000000000e+00 -0.000000000000000000e+00 0.000000000000000000e+00
-6.049800291657447815e-02 -3.216490745544433594e-01 8.439999818801879883e-01
2.642633020877838135e-01 -3.262498378753662109e-01 8.149999976158142090e-01
3.618417382240295410e-01 -3.472309410572052002e-01 8.019999861717224121e-01
8.141404390335083008e-02 -3.152848482131958008e-01 8.399999737739562988e-01
3.874453157186508179e-02 -2.635898292064666748e-01 8.830000162124633789e-01
-0.000000000000000000e+00 -0.000000000000000000e+00 0.000000000000000000e+00
2.039438188076019287e-01 -3.039918839931488037e-01 8.399999737739562988e-01
1.588848233222961426e-01 -3.488706052303314209e-01 8.130000233650207520e-01
3.016631305217742920e-01 -2.649824023246765137e-01 8.600000143051147461e-01
2.769015133380889893e-01 -2.335921227931976318e-01 8.849999904632568359e-01
3.067003786563873291e-01 -3.239122331142425537e-01 8.169999718666076660e-01
-1.181026175618171692e-01 -2.302112579345703125e-01 9.190000295639038086e-01
5.121701397001743317e-03 -3.028519451618194580e-01 8.550000190734863281e-01
-1.317429095506668091e-01 -2.349937409162521362e-01 9.169999957084655762e-01
-1.399693042039871216e-01 -2.430019527673721313e-01 9.139999747276306152e-01
-4.994850233197212219e-02 -3.061361312866210938e-01 8.550000190734863281e-01
3.420907258987426758e-01 -3.487712144851684570e-01 8.019999861717224121e-01
3.714587390422821045e-01 -2.454924583435058594e-01 8.669999837875366211e-01
1.673264205455780029e-01 -3.202717304229736328e-01 8.320000171661376953e-01
0.000000000000000000e+00 -0.000000000000000000e+00 0.000000000000000000e+00
0.000000000000000000e+00 -0.000000000000000000e+00 0.000000000000000000e+00
3.796893870458006859e-03 -2.037293314933776855e-01 9.269999861717224121e-01
1.076296065002679825e-02 -2.044012397527694702e-01 9.219999909400939941e-01
-1.025736480951309204e-01 -2.622607946395874023e-01 8.899999856948852539e-01
-1.396324764937162399e-02 -3.354574143886566162e-01 8.339999914169311523e-01
5.666173100471496582e-01 -2.764708995819091797e-01 1.087000012397766113e+00
4.236337840557098389e-01 -2.562725841999053955e-01 8.529999852180480957e-01
-7.376725226640701294e-02 -2.364352196455001831e-01 9.089999794960021973e-01
2.454656064510345459e-01 -3.465527296066284180e-01 8.040000200271606445e-01
1.454819887876510620e-01 -3.555953204631805420e-01 8.069999814033508301e-01
1.113456636667251587e-01 -2.311497926712036133e-01 9.020000100135803223e-01
3.034711778163909912e-01 -2.936114668846130371e-01 8.379999995231628418e-01
3.614137470722198486e-01 -2.070100754499435425e-01 8.949999809265136719e-01
3.810212612152099609e-01 -3.542734086513519287e-01 8.040000200271606445e-01
7.781852036714553833e-02 -2.717173397541046143e-01 8.709999918937683105e-01
5.578061938285827637e-01 -2.896659970283508301e-01 1.074000000953674316e+00
3.448587059974670410e-01 -2.228890508413314819e-01 8.830000162124633789e-01
3.533618152141571045e-01 -3.540473282337188721e-01 8.000000119209289551e-01
9.016323834657669067e-03 -2.238796800374984741e-01 9.219999909400939941e-01
3.197394609451293945e-01 -2.023044079542160034e-01 8.970000147819519043e-01
4.394061863422393799e-01 -1.915398687124252319e-01 8.949999809265136719e-01
4.140768051147460938e-01 -2.567239403724670410e-01 8.600000143051147461e-01
3.574293255805969238e-01 -2.274602651596069336e-01 8.809999823570251465e-01
4.230073690414428711e-01 -2.585155367851257324e-01 8.550000190734863281e-01
1.319655478000640869e-01 -2.694244682788848877e-01 8.690000176429748535e-01
1.665979325771331787e-01 -2.519796490669250488e-01 8.780000209808349609e-01
4.185545146465301514e-01 -2.976989448070526123e-01 8.270000219345092773e-01
1.745159029960632324e-01 -2.598177790641784668e-01 8.759999871253967285e-01
-7.423834502696990967e-02 -2.860818803310394287e-01 8.740000128746032715e-01
-9.830935299396514893e-02 -3.185259997844696045e-01 8.529999852180480957e-01
2.458822429180145264e-01 -2.759315371513366699e-01 8.529999852180480957e-01
-4.903007764369249344e-03 -2.284577339887619019e-01 9.120000004768371582e-01
-8.791580796241760254e-02 -3.003648519515991211e-01 8.619999885559082031e-01
1.140185073018074036e-01 -2.534146308898925781e-01 8.830000162124633789e-01
-7.790057361125946045e-02 -3.273553848266601562e-01 8.420000076293945312e-01
-1.005109995603561401e-01 -3.121538460254669189e-01 8.579999804496765137e-01
2.308611869812011719e-01 -2.241991907358169556e-01 8.949999809265136719e-01
-1.416344344615936279e-01 -3.001552522182464600e-01 8.709999918937683105e-01
3.856343328952789307e-01 -3.254813253879547119e-01 8.169999718666076660e-01
0.000000000000000000e+00 -0.000000000000000000e+00 0.000000000000000000e+00
1.169261038303375244e-01 -1.984411478042602539e-01 9.190000295639038086e-01
3.659449517726898193e-02 -3.322539031505584717e-01 8.339999914169311523e-01
-1.536222994327545166e-01 -2.788526117801666260e-01 8.830000162124633789e-01
-3.647517785429954529e-02 -2.190414965152740479e-01 9.240000247955322266e-01
-4.619682207703590393e-02 -2.783243954181671143e-01 8.759999871253967285e-01
4.240169525146484375e-01 -2.371667772531509399e-01 8.669999837875366211e-01
2.122663408517837524e-01 -3.159325718879699707e-01 8.289999961853027344e-01
-4.728278145194053650e-02 -1.972441226243972778e-01 9.300000071525573730e-01
3.548773229122161865e-01 -3.540473282337188721e-01 8.000000119209289551e-01
3.413437306880950928e-01 -2.390816211700439453e-01 8.740000128746032715e-01
0.000000000000000000e+00 -0.000000000000000000e+00 0.000000000000000000e+00
1.635588556528091431e-01 -3.396891951560974121e-01 8.209999799728393555e-01
0.000000000000000000e+00 -0.000000000000000000e+00 0.000000000000000000e+00
2.093652784824371338e-01 -2.480408251285552979e-01 8.759999871253967285e-01
-2.966946549713611603e-02 -2.772735953330993652e-01 8.780000209808349609e-01
4.034763574600219727e-01 -3.080702722072601318e-01 8.249999880790710449e-01
1.573376506567001343e-01 -3.428427875041961670e-01 8.209999799728393555e-01
2.012957781553268433e-01 -3.542734086513519287e-01 8.040000200271606445e-01
1.117032393813133240e-01 -2.055011689662933350e-01 9.190000295639038086e-01
-1.656302362680435181e-01 -3.370581269264221191e-01 8.420000076293945312e-01
1.896877586841583252e-01 -3.426249027252197266e-01 8.130000233650207520e-01
1.503494083881378174e-01 -3.194398283958435059e-01 8.339999914169311523e-01
8.570445328950881958e-02 -3.047039210796356201e-01 8.510000109672546387e-01
2.997222244739532471e-01 -3.042925596237182617e-01 8.320000171661376953e-01
-2.390762604773044586e-02 -2.284577339887619019e-01 9.120000004768371582e-01
2.541716396808624268e-01 -2.446759790182113647e-01 8.759999871253967285e-01
3.178517818450927734e-01 -2.736501693725585938e-01 8.510000109672546387e-01
2.396216243505477905e-01 -2.808287143707275391e-01 8.479999899864196777e-01
-7.728356868028640747e-02 -2.951368093490600586e-01 8.709999918937683105e-01
2.127110511064529419e-01 -2.415435612201690674e-01 8.830000162124633789e-01
3.558539450168609619e-01 -2.565552294254302979e-01 8.650000095367431641e-01
2.196711115539073944e-02 -2.680688500404357910e-01 8.809999823570251465e-01
3.060039579868316650e-01 -3.385463953018188477e-01 8.069999814033508301e-01
3.090885281562805176e-01 -2.643661499023437500e-01 8.579999804496765137e-01
-0.000000000000000000e+00 -0.000000000000000000e+00 0.000000000000000000e+00
4.366367310285568237e-02 -2.663768231868743896e-01 8.809999823570251465e-01
-1.472325921058654785e-01 -2.637341916561126709e-01 8.949999809265136719e-01
6.031540408730506897e-02 -3.582391738891601562e-01 8.130000233650207520e-01
-1.573829352855682373e-01 -2.951486110687255859e-01 8.759999871253967285e-01
1.363092958927154541e-01 -3.540454208850860596e-01 8.069999814033508301e-01
-3.491602838039398193e-02 -3.216490745544433594e-01 8.439999818801879883e-01
4.251492917537689209e-01 -2.024349719285964966e-01 8.899999856948852539e-01
6.602793186902999878e-02 -2.571328878402709961e-01 8.899999856948852539e-01
4.147392213344573975e-01 -2.544790506362915039e-01 8.579999804496765137e-01
1.194791942834854126e-01 -2.676174938678741455e-01 8.740000128746032715e-01
1.546027511358261108e-01 -3.373554348945617676e-01 8.230000138282775879e-01
7.781852036714553833e-02 -2.733901739120483398e-01 8.709999918937683105e-01
5.744363069534301758e-01 -2.591213285923004150e-01 1.101999998092651367e+00
-1.300706118345260620e-01 -3.227916359901428223e-01 8.600000143051147461e-01
9.291100502014160156e-02 -2.890839278697967529e-01 8.579999804496765137e-01
0.000000000000000000e+00 -0.000000000000000000e+00 0.000000000000000000e+00
5.618754029273986816e-01 -2.896659970283508301e-01 1.074000000953674316e+00
2.685187757015228271e-01 -2.284930050373077393e-01 8.849999904632568359e-01
-1.257468760013580322e-01 -2.261399328708648682e-01 9.240000247955322266e-01
4.050392210483551025e-01 -3.080702722072601318e-01 8.249999880790710449e-01
2.791488950606435537e-04 -2.311978191137313843e-01 9.089999794960021973e-01
-9.544650465250015259e-02 -3.305896222591400146e-01 8.420000076293945312e-01
2.733529508113861084e-01 -2.742933034896850586e-01 8.529999852180480957e-01
2.554330527782440186e-01 -2.510657012462615967e-01 8.690000176429748535e-01
-1.155470404773950577e-02 -2.577107250690460205e-01 8.920000195503234863e-01
0.000000000000000000e+00 -0.000000000000000000e+00 0.000000000000000000e+00
1.871354877948760986e-01 -3.105722963809967041e-01 8.360000252723693848e-01
-1.190365999937057495e-01 -3.243167996406555176e-01 8.510000109672546387e-01
1.103194132447242737e-01 -3.111841678619384766e-01 8.420000076293945312e-01
-1.103801131248474121e-01 -2.743850946426391602e-01 8.849999904632568359e-01
-1.206487342715263367e-01 -3.243167996406555176e-01 8.510000109672546387e-01
4.206624925136566162e-01 -3.152978718280792236e-01 8.069999814033508301e-01
2.654013782739639282e-02 -2.030700147151947021e-01 9.240000247955322266e-01
4.303561449050903320e-01 -2.795040607452392578e-01 8.439999818801879883e-01
-9.137979149818420410e-02 -3.450679481029510498e-01 8.339999914169311523e-01
1.994083225727081299e-01 -2.564529180526733398e-01 8.759999871253967285e-01
-4.537414759397506714e-02 -2.001685947179794312e-01 9.269999861717224121e-01
2.508526444435119629e-01 -2.446759790182113647e-01 8.759999871253967285e-01
0.000000000000000000e+00 -0.000000000000000000e+00 0.000000000000000000e+00
1.591906249523162842e-01 -2.294174283742904663e-01 9.020000100135803223e-01
2.529025375843048096e-01 -2.207613736391067505e-01 8.949999809265136719e-01
-4.585921391844749451e-02 -2.467409968376159668e-01 9.020000100135803223e-01
3.081202507019042969e-01 -2.292675673961639404e-01 8.880000114440917969e-01
1.921526901423931122e-02 -3.338556587696075439e-01 8.339999914169311523e-01
1.480862647294998169e-01 -2.688043713569641113e-01 8.669999837875366211e-01
3.335219919681549072e-01 -3.354465961456298828e-01 8.069999814033508301e-01
-1.675457693636417389e-02 -2.511001229286193848e-01 8.989999890327453613e-01
0.000000000000000000e+00 -0.000000000000000000e+00 0.000000000000000000e+00
3.442234694957733154e-01 -3.416461944580078125e-01 8.069999814033508301e-01
2.094326168298721313e-02 -2.311978191137313843e-01 9.089999794960021973e-01
1.953843608498573303e-02 -1.995207965373992920e-01 9.240000247955322266e-01
-6.543153524398803711e-02 -2.987768054008483887e-01 8.669999837875366211e-01
6.202174350619316101e-02 -3.234170973300933838e-01 8.360000252723693848e-01
0.000000000000000000e+00 -0.000000000000000000e+00 0.000000000000000000e+00
1.913885623216629028e-01 -2.815048098564147949e-01 8.550000190734863281e-01
8.986921608448028564e-02 -2.848027050495147705e-01 8.600000143051147461e-01
-1.600808650255203247e-01 -3.386757671833038330e-01 8.379999995231628418e-01
-3.192723495885729790e-03 -2.261879146099090576e-01 9.169999957084655762e-01
-1.201672032475471497e-01 -2.771567404270172119e-01 8.830000162124633789e-01
2.401482015848159790e-01 -3.286195397377014160e-01 8.169999718666076660e-01
8.101959526538848877e-02 -2.548495829105377197e-01 8.880000114440917969e-01
8.890435099601745605e-02 -3.428427875041961670e-01 8.209999799728393555e-01
1.182488575577735901e-01 -2.764907777309417725e-01 8.650000095367431641e-01
1.438161879777908325e-01 -3.111841678619384766e-01 8.420000076293945312e-01
-6.399348378181457520e-02 -2.261879146099090576e-01 9.169999957084655762e-01
3.484221696853637695e-01 -2.399337887763977051e-01 8.709999918937683105e-01
3.558532893657684326e-01 -2.493967264890670776e-01 8.690000176429748535e-01
-1.087590157985687256e-01 -3.434661924839019775e-01 8.339999914169311523e-01
2.092054039239883423e-01 -2.749364376068115234e-01 8.550000190734863281e-01
3.732474148273468018e-01 -1.941225081682205200e-01 8.989999890327453613e-01
3.311598002910614014e-01 -2.544036507606506348e-01 8.690000176429748535e-01
3.415844738483428955e-01 -3.231322169303894043e-01 8.190000057220458984e-01
1.530223488807678223e-01 -3.136715590953826904e-01 8.399999737739562988e-01
4.481424018740653992e-02 -3.233512341976165771e-01 8.399999737739562988e-01
-0.000000000000000000e+00 -0.000000000000000000e+00 0.000000000000000000e+00
3.363739252090454102e-01 -2.693785429000854492e-01 8.529999852180480957e-01
2.341784387826919556e-01 -2.959254682064056396e-01 8.399999737739562988e-01
2.395212650299072266e-01 -2.869273424148559570e-01 8.420000076293945312e-01
4.295934736728668213e-01 -2.432648688554763794e-01 8.650000095367431641e-01
-4.588961973786354065e-02 -3.281910717487335205e-01 8.399999737739562988e-01
-1.550590433180332184e-02 -3.362508714199066162e-01 8.320000171661376953e-01
3.418300747871398926e-01 -2.091954201459884644e-01 8.970000147819519043e-01
7.189524173736572266e-02 -1.990889310836791992e-01 9.219999909400939941e-01
1.926351785659790039e-01 -3.520587086677551270e-01 8.059999942779541016e-01
-1.251830607652664185e-01 -3.095780909061431885e-01 8.600000143051147461e-01
-0.000000000000000000e+00 -0.000000000000000000e+00 0.000000000000000000e+00
1.655920445919036865e-01 -2.137398272752761841e-01 9.089999794960021973e-01
3.517348766326904297e-01 -3.010967373847961426e-01 8.320000171661376953e-01
-0.000000000000000000e+00 -0.000000000000000000e+00 0.000000000000000000e+00
2.360815554857254028e-01 -3.184133768081665039e-01 8.190000057220458984e-01
2.932446002960205078e-01 -2.977275252342224121e-01 8.360000252723693848e-01
0.000000000000000000e+00 -0.000000000000000000e+00 0.000000000000000000e+00
4.401437342166900635e-01 -2.402070164680480957e-01 8.600000143051147461e-01
1.453802436590194702e-01 -3.450330197811126709e-01 8.149999976158142090e-01
2.919535338878631592e-01 -3.472309410572052002e-01 8.019999861717224121e-01
-4.983166232705116272e-02 -3.103347718715667725e-01 8.529999852180480957e-01
1.808571815490722656e-01 -3.207090497016906738e-01 8.289999961853027344e-01
6.647599488496780396e-02 -3.535548746585845947e-01 8.130000233650207520e-01
-4.163935407996177673e-02 -3.593100309371948242e-01 8.190000057220458984e-01
1.234209313988685608e-01 -3.389360904693603516e-01 8.230000138282775879e-01
3.983868658542633057e-01 -2.178014516830444336e-01 8.830000162124633789e-01
-1.330932527780532837e-01 -3.418946564197540283e-01 8.379999995231628418e-01
0.000000000000000000e+00 -0.000000000000000000e+00 0.000000000000000000e+00
6.328295171260833740e-02 -3.054200112819671631e-01 8.529999852180480957e-01
1.569208353757858276e-01 -3.294652104377746582e-01 8.270000219345092773e-01
-1.441630572080612183e-01 -2.591552734375000000e-01 8.970000147819519043e-01
4.058476388454437256e-01 -3.293213546276092529e-01 8.109999895095825195e-01
7.951605319976806641e-02 -2.451677024364471436e-01 8.899999856948852539e-01
4.927826300263404846e-02 -2.508580982685089111e-01 8.920000195503234863e-01
-1.118767932057380676e-01 -2.591552734375000000e-01 8.970000147819519043e-01
0.000000000000000000e+00 -0.000000000000000000e+00 0.000000000000000000e+00
3.707177564501762390e-02 -2.652856707572937012e-01 8.830000162124633789e-01
3.746993839740753174e-01 -2.906081974506378174e-01 8.339999914169311523e-01
2.482133507728576660e-01 -3.332563638687133789e-01 8.130000233650207520e-01
0.000000000000000000e+00 -0.000000000000000000e+00 0.000000000000000000e+00
0.000000000000000000e+00 -0.000000000000000000e+00 0.000000000000000000e+00
2.343755662441253662e-01 -2.172909379005432129e-01 9.020000100135803223e-01
5.352070182561874390e-02 -3.358184695243835449e-01 8.270000219345092773e-01
9.343457221984863281e-02 -3.003724515438079834e-01 8.479999899864196777e-01
5.901818275451660156e-01 -2.465229630470275879e-01 1.111999988555908203e+00
2.815434634685516357e-01 -3.431960940361022949e-01 8.069999814033508301e-01
1.444994062185287476e-01 -2.996640503406524658e-01 8.460000157356262207e-01
4.073086977005004883e-01 -1.854895353317260742e-01 8.989999890327453613e-01
0.000000000000000000e+00 -0.000000000000000000e+00 0.000000000000000000e+00
2.495116740465164185e-01 -2.347601056098937988e-01 8.830000162124633789e-01
-1.090829148888587952e-01 -2.519380748271942139e-01 9.020000100135803223e-01
2.209817469120025635e-01 -2.480408251285552979e-01 8.759999871253967285e-01
-0.000000000000000000e+00 -0.000000000000000000e+00 0.000000000000000000e+00
-0.000000000000000000e+00 -0.000000000000000000e+00 0.000000000000000000e+00
2.739669978618621826e-01 -2.616790235042572021e-01 8.600000143051147461e-01
-8.187887072563171387e-02 -2.675862610340118408e-01 8.849999904632568359e-01
2.614480853080749512e-01 -2.028177976608276367e-01 9.070000052452087402e-01
6.560065317898988724e-03 -3.362508714199066162e-01 8.320000171661376953e-01
-1.424787100404500961e-02 -3.112415373325347900e-01 8.510000109672546387e-01
-1.053459197282791138e-01 -3.490342199802398682e-01 8.320000171661376953e-01
2.254443466663360596e-01 -2.541888356208801270e-01 8.740000128746032715e-01
5.780934095382690430e-01 -2.534600496292114258e-01 1.105000019073486328e+00
3.871849179267883301e-01 -2.122128754854202271e-01 8.880000114440917969e-01
2.070041894912719727e-01 -1.927257776260375977e-01 9.169999957084655762e-01
-5.064247176051139832e-02 -2.055096924304962158e-01 9.269999861717224121e-01
4.435753077268600464e-02 -2.448261380195617676e-01 8.949999809265136719e-01
6.938777863979339600e-02 -2.196999192237854004e-01 9.120000004768371582e-01
-8.219605684280395508e-02 -2.446248233318328857e-01 9.070000052452087402e-01
8.010721951723098755e-02 -2.620972394943237305e-01 8.780000209808349609e-01
4.229560196399688721e-01 -2.788417339324951172e-01 8.420000076293945312e-01
4.098011255264282227e-01 -1.954133957624435425e-01 8.970000147819519043e-01
2.666783519089221954e-02 -2.800814509391784668e-01 8.709999918937683105e-01
-1.475616097450256348e-01 -2.608780264854431152e-01 8.970000147819519043e-01
4.894069861620664597e-03 -3.600016832351684570e-01 8.169999718666076660e-01
1.898476481437683105e-01 -3.146345615386962891e-01 8.339999914169311523e-01
-1.755426451563835144e-02 -3.094203174114227295e-01 8.550000190734863281e-01
-8.039857447147369385e-02 -2.994660437107086182e-01 8.690000176429748535e-01
4.219513535499572754e-01 -2.846325039863586426e-01 8.399999737739562988e-01
-8.101639896631240845e-02 -3.540199697017669678e-01 8.249999880790710449e-01
2.363607659935951233e-02 -2.731449306011199951e-01 8.809999823570251465e-01
1.318732649087905884e-01 -2.131600975990295410e-01 9.139999747276306152e-01
3.205220997333526611e-01 -1.934659630060195923e-01 9.039999842643737793e-01
-7.594299316406250000e-02 -3.354568779468536377e-01 8.379999995231628418e-01
-7.494612783193588257e-02 -3.469366431236267090e-01 8.270000219345092773e-01
-9.508231282234191895e-02 -3.508510291576385498e-01 8.249999880790710449e-01
-0.000000000000000000e+00 -0.000000000000000000e+00 0.000000000000000000e+00
2.611616551876068115e-01 -1.986811757087707520e-01 9.120000004768371582e-01
-4.965912178158760071e-02 -2.364352196455001831e-01 9.089999794960021973e-01
0.000000000000000000e+00 -0.000000000000000000e+00 0.000000000000000000e+00
-1.427814215421676636e-01 -2.528267204761505127e-01 8.989999890327453613e-01
-1.111327484250068665e-01 -3.346441984176635742e-01 8.399999737739562988e-01
2.438144385814666748e-01 -2.148416340351104736e-01 8.989999890327453613e-01
3.612785935401916504e-01 -2.969789803028106689e-01 8.249999880790710449e-01
2.806168496608734131e-01 -3.540473282337188721e-01 8.000000119209289551e-01
0.000000000000000000e+00 -0.000000000000000000e+00 0.000000000000000000e+00
-7.204524427652359009e-02 -2.399268299341201782e-01 9.089999794960021973e-01
1.330789327621459961e-01 -2.897152304649353027e-01 8.550000190734863281e-01
-1.344799548387527466e-01 -2.407186627388000488e-01 9.120000004768371582e-01
-5.314097180962562561e-02 -3.445913493633270264e-01 8.289999961853027344e-01
5.629999637603759766e-01 -2.777897715568542480e-01 1.083999991416931152e+00
-1.656302362680435181e-01 -3.419094681739807129e-01 8.420000076293945312e-01
-7.667557150125503540e-02 -2.771567404270172119e-01 8.830000162124633789e-01
7.166131585836410522e-02 -2.072661817073822021e-01 9.190000295639038086e-01
-1.005290728062391281e-02 -2.364352196455001831e-01 9.089999794960021973e-01
3.834959566593170166e-01 -3.381268978118896484e-01 8.059999942779541016e-01
1.171175390481948853e-01 -2.219793498516082764e-01 9.070000052452087402e-01
1.435398496687412262e-02 -3.421717286109924316e-01 8.270000219345092773e-01
2.529376149177551270e-01 -2.782206237316131592e-01 8.550000190734863281e-01
2.076118439435958862e-01 -3.231297731399536133e-01 8.230000138282775879e-01
-7.507403194904327393e-02 -2.472880780696868896e-01 9.039999842643737793e-01
1.106729954481124878e-01 -2.601980865001678467e-01 8.830000162124633789e-01
1.861323714256286621e-01 -2.598177790641784668e-01 8.759999871253967285e-01
1.608965359628200531e-02 -2.055096924304962158e-01 9.269999861717224121e-01
2.559436857700347900e-01 -3.104847073554992676e-01 8.230000138282775879e-01
-4.999777767807245255e-03 -2.133193165063858032e-01 9.300000071525573730e-01
2.797011733055114746e-01 -2.435483485460281372e-01 8.780000209808349609e-01
1.082213371992111206e-01 -2.055011689662933350e-01 9.190000295639038086e-01
6.202174350619316101e-02 -3.282338976860046387e-01 8.360000252723693848e-01
3.167571425437927246e-01 -3.356414437294006348e-01 8.149999976158142090e-01
1.891575194895267487e-02 -3.475731313228607178e-01 8.209999799728393555e-01
2.615673840045928955e-01 -3.487712144851684570e-01 8.019999861717224121e-01
-4.740975424647331238e-02 -2.476469278335571289e-01 8.989999890327453613e-01
2.081702798604965210e-01 -2.533163428306579590e-01 8.709999918937683105e-01
4.176556766033172607e-01 -2.063161879777908325e-01 8.920000195503234863e-01
1.264016330242156982e-01 -2.179483622312545776e-01 9.120000004768371582e-01
2.674475908279418945e-01 -2.446759790182113647e-01 8.759999871253967285e-01
4.305867254734039307e-01 -2.388319075107574463e-01 8.669999837875366211e-01
-8.345168083906173706e-02 -2.502056956291198730e-01 9.020000100135803223e-01
1.635821610689163208e-01 -3.270776569843292236e-01 8.289999961853027344e-01
3.097572624683380127e-01 -3.113069832324981689e-01 8.209999799728393555e-01
-1.560632139444351196e-01 -2.349937409162521362e-01 9.169999957084655762e-01
2.650209665298461914e-01 -3.072288334369659424e-01 8.270000219345092773e-01
2.701441943645477295e-01 -2.824573516845703125e-01 8.479999899864196777e-01
1.844728738069534302e-01 -2.598177790641784668e-01 8.759999871253967285e-01
3.850228488445281982e-01 -3.381268978118896484e-01 8.059999942779541016e-01
-7.968448102474212646e-02 -3.265119791030883789e-01 8.439999818801879883e-01
-1.459113210439682007e-01 -3.104327619075775146e-01 8.669999837875366211e-01
4.017816483974456787e-01 -3.378316760063171387e-01 8.090000152587890625e-01
3.688364923000335693e-01 -3.434644341468811035e-01 8.040000200271606445e-01
-1.411114931106567383e-01 -2.050479799509048462e-01 9.330000281333923340e-01
3.940990567207336426e-01 -3.064858019351959229e-01 8.249999880790710449e-01
1.836046227253973484e-03 -3.354574143886566162e-01 8.339999914169311523e-01
1.811538785696029663e-01 -2.615002095699310303e-01 8.759999871253967285e-01
3.402210772037506104e-01 -3.072288334369659424e-01 8.270000219345092773e-01
2.305542677640914917e-01 -3.135820627212524414e-01 8.270000219345092773e-01
1.897688023746013641e-03 -3.003648519515991211e-01 8.619999885559082031e-01
-0.000000000000000000e+00 -0.000000000000000000e+00 0.000000000000000000e+00
5.289429798722267151e-03 -2.703732848167419434e-01 8.830000162124633789e-01
-4.253520444035530090e-02 -2.827762663364410400e-01 8.690000176429748535e-01
1.098643392324447632e-01 -2.434584051370620728e-01 8.899999856948852539e-01
-6.554611772298812866e-02 -3.437600433826446533e-01 8.270000219345092773e-01
2.366667687892913818e-01 -3.479014933109283447e-01 8.000000119209289551e-01
2.767604589462280273e-01 -3.456906378269195557e-01 8.019999861717224121e-01
4.100496768951416016e-01 -2.617997229099273682e-01 8.550000190734863281e-01
1.525127142667770386e-01 -3.029136359691619873e-01 8.460000157356262207e-01
2.542508840560913086e-01 -1.986811757087707520e-01 9.120000004768371582e-01
3.314766585826873779e-01 -2.296725064516067505e-01 8.830000162124633789e-01
0.000000000000000000e+00 -0.000000000000000000e+00 0.000000000000000000e+00
6.918738782405853271e-02 -3.374067842960357666e-01 8.270000219345092773e-01
-6.171318888664245605e-02 -2.381810247898101807e-01 9.089999794960021973e-01
1.047118380665779114e-01 -3.405167162418365479e-01 8.230000138282775879e-01
9.686354547739028931e-02 -3.234170973300933838e-01 8.360000252723693848e-01
-1.237717345356941223e-01 -2.591552734375000000e-01 8.970000147819519043e-01
1.058940365910530090e-01 -2.505891919136047363e-01 8.849999904632568359e-01
-1.044939607381820679e-01 -2.628501653671264648e-01 8.920000195503234863e-01
3.906329870223999023e-01 -3.128837645053863525e-01 8.209999799728393555e-01
-1.222411021590232849e-01 -3.541442751884460449e-01 8.289999961853027344e-01
8.777461946010589600e-02 -3.397597372531890869e-01 8.249999880790710449e-01
3.911303877830505371e-01 -3.427708446979522705e-01 8.059999942779541016e-01
-1.181026175618171692e-01 -2.355062663555145264e-01 9.190000295639038086e-01
-1.078461706638336182e-01 -3.501132726669311523e-01 8.270000219345092773e-01
-1.610251069068908691e-01 -3.145331740379333496e-01 8.600000143051147461e-01
1.982495784759521484e-01 -3.511851429939270020e-01 8.040000200271606445e-01
0.000000000000000000e+00 -0.000000000000000000e+00 0.000000000000000000e+00
7.765514403581619263e-02 -2.548495829105377197e-01 8.880000114440917969e-01
1.583052724599838257e-01 -2.710934281349182129e-01 8.690000176429748535e-01
1.436322778463363647e-01 -2.814993262290954590e-01 8.600000143051147461e-01
3.518249839544296265e-02 -3.225813806056976318e-01 8.379999995231628418e-01
-1.018268465995788574e-01 -3.322067558765411377e-01 8.420000076293945312e-01
2.341022640466690063e-01 -2.309730350971221924e-01 8.880000114440917969e-01
-1.901699602603912354e-02 -3.150302767753601074e-01 8.479999899864196777e-01
3.456510901451110840e-01 -2.534205615520477295e-01 8.600000143051147461e-01
5.533276870846748352e-02 -3.012098670005798340e-01 8.550000190734863281e-01
1.457962114363908768e-02 -3.233512341976165771e-01 8.399999737739562988e-01
-1.460992842912673950e-01 -2.890774309635162354e-01 8.780000209808349609e-01
2.879584133625030518e-01 -2.709575593471527100e-01 8.579999804496765137e-01
4.589865356683731079e-02 -2.525712549686431885e-01 8.920000195503234863e-01
-8.104620128870010376e-02 -2.833716869354248047e-01 8.759999871253967285e-01
1.698289066553115845e-01 -2.677554786205291748e-01 8.690000176429748535e-01
-3.108294308185577393e-02 -2.817542552947998047e-01 8.709999918937683105e-01
0.000000000000000000e+00 -0.000000000000000000e+00 0.000000000000000000e+00
-1.380167454481124878e-01 -3.028039932250976562e-01 8.690000176429748535e-01
3.527394235134124756e-01 -3.316167294979095459e-01 8.090000152587890625e-01
-1.499364078044891357e-01 -2.866811156272888184e-01 8.809999823570251465e-01
1.877989321947097778e-01 -3.270839452743530273e-01 8.249999880790710449e-01
2.189505547285079956e-01 -3.379406332969665527e-01 8.130000233650207520e-01
-1.444844752550125122e-01 -2.476469278335571289e-01 8.989999890327453613e-01
-1.595462411642074585e-01 -3.564665317535400391e-01 8.270000219345092773e-01
7.804518938064575195e-02 -3.225813806056976318e-01 8.379999995231628418e-01
1.096001118421554565e-01 -3.441863358020782471e-01 8.130000233650207520e-01
-1.066121011972427368e-01 -3.338238596916198730e-01 8.420000076293945312e-01
1.820862293243408203e-01 -1.920952647924423218e-01 9.139999747276306152e-01
2.733298540115356445e-01 -2.643661499023437500e-01 8.579999804496765137e-01
3.324184417724609375e-01 -2.178187668323516846e-01 8.899999856948852539e-01
7.725702226161956787e-02 -3.582391738891601562e-01 8.130000233650207520e-01
2.812278643250465393e-02 -2.847972512245178223e-01 8.650000095367431641e-01
2.545813331380486488e-04 -3.398149013519287109e-01 8.289999961853027344e-01
1.327187418937683105e-01 -2.522889077663421631e-01 8.849999904632568359e-01
-2.110723108053207397e-01 -3.674378395080566406e-01 1.116000056266784668e+00
1.164719089865684509e-01 -2.242203652858734131e-01 9.020000100135803223e-01
1.044328510761260986e-01 -3.029136359691619873e-01 8.460000157356262207e-01
8.111856877803802490e-02 -2.733901739120483398e-01 8.709999918937683105e-01
1.509195715188980103e-01 -2.131600975990295410e-01 9.139999747276306152e-01
2.940086126327514648e-01 -2.325363457202911377e-01 8.809999823570251465e-01
-8.657662570476531982e-02 -2.314714044332504272e-01 9.169999957084655762e-01
2.857539355754852295e-01 -2.160864472389221191e-01 8.970000147819519043e-01
-1.232665330171585083e-01 -3.121538460254669189e-01 8.579999804496765137e-01
5.434767901897430420e-02 -2.508580982685089111e-01 8.920000195503234863e-01
-9.975492954254150391e-03 -2.484733462333679199e-01 9.020000100135803223e-01
-8.619502931833267212e-02 -2.585774362087249756e-01 8.949999809265136719e-01
5.547580122947692871e-01 -3.050847947597503662e-01 1.049000024795532227e+00
4.176556766033172607e-01 -1.960372924804687500e-01 8.920000195503234863e-01
0.000000000000000000e+00 -0.000000000000000000e+00 0.000000000000000000e+00
-5.301276966929435730e-02 -3.469366431236267090e-01 8.270000219345092773e-01
8.459663391113281250e-02 -3.136715590953826904e-01 8.399999737739562988e-01
-6.150828301906585693e-02 -3.346562683582305908e-01 8.360000252723693848e-01
-2.743202447891235352e-02 -3.013196289539337158e-01 8.600000143051147461e-01
2.393119409680366516e-02 -2.559975683689117432e-01 8.920000195503234863e-01
-9.097019582986831665e-02 -3.095780909061431885e-01 8.600000143051147461e-01
0.000000000000000000e+00 -0.000000000000000000e+00 0.000000000000000000e+00
-1.901699602603912354e-02 -3.199161887168884277e-01 8.479999899864196777e-01
-6.103427708148956299e-02 -2.493735253810882568e-01 8.989999890327453613e-01
4.088874161243438721e-01 -2.052911669015884399e-01 8.949999809265136719e-01
7.800873368978500366e-02 -2.979256808757781982e-01 8.550000190734863281e-01
1.238899156451225281e-01 -2.125611901283264160e-01 9.190000295639038086e-01
2.845400385558605194e-02 -3.421717286109924316e-01 8.270000219345092773e-01
-1.633117496967315674e-01 -2.399268299341201782e-01 9.089999794960021973e-01
-7.376725226640701294e-02 -2.399268299341201782e-01 9.089999794960021973e-01
7.845401018857955933e-02 -2.138597518205642700e-01 9.169999957084655762e-01
0.000000000000000000e+00 -0.000000000000000000e+00 0.000000000000000000e+00
3.410725593566894531e-01 -1.986745595932006836e-01 9.039999842643737793e-01
2.486242204904556274e-01 -2.508316934108734131e-01 8.740000128746032715e-01
2.856090962886810303e-01 -2.801878154277801514e-01 8.510000109672546387e-01
0.000000000000000000e+00 -0.000000000000000000e+00 0.000000000000000000e+00
3.292543888092041016e-01 -3.024638891220092773e-01 8.270000219345092773e-01
3.871820569038391113e-01 -3.239122331142425537e-01 8.169999718666076660e-01
1.185833849012851715e-02 -2.776889801025390625e-01 8.740000128746032715e-01
0.000000000000000000e+00 -0.000000000000000000e+00 0.000000000000000000e+00
3.511839359998703003e-02 -2.749595642089843750e-01 8.759999871253967285e-01
1.709326356649398804e-01 -3.047156631946563721e-01 8.420000076293945312e-01
2.728556990623474121e-01 -3.316949307918548584e-01 8.130000233650207520e-01
1.844081580638885498e-01 -3.080964088439941406e-01 8.379999995231628418e-01
2.184115648269653320e-01 -2.857610285282135010e-01 8.529999852180480957e-01
2.298958897590637207e-01 -3.009387254714965820e-01 8.360000252723693848e-01
1.202500611543655396e-01 -2.388660609722137451e-01 8.920000195503234863e-01
3.608229756355285645e-01 -1.947703063488006592e-01 9.020000100135803223e-01
6.227148696780204773e-02 -2.259604185819625854e-01 9.089999794960021973e-01
2.537663877010345459e-01 -3.176141381263732910e-01 8.209999799728393555e-01
2.559785842895507812e-01 -2.004327476024627686e-01 9.120000004768371582e-01
1.204419061541557312e-01 -2.694244682788848877e-01 8.690000176429748535e-01
-8.140920847654342651e-02 -3.525521457195281982e-01 8.289999961853027344e-01
-1.124690771102905273e-01 -2.204638421535491943e-01 9.300000071525573730e-01
-1.516017317771911621e-01 -3.119535744190216064e-01 8.619999885559082031e-01
0.000000000000000000e+00 -0.000000000000000000e+00 0.000000000000000000e+00
2.235710024833679199e-01 -3.379406332969665527e-01 8.130000233650207520e-01
2.719829976558685303e-01 -3.309456408023834229e-01 8.149999976158142090e-01
5.922883749008178711e-01 -2.465229630470275879e-01 1.111999988555908203e+00
-1.373659521341323853e-01 -2.591552734375000000e-01 8.970000147819519043e-01
-1.114018540829420090e-02 -3.046230077743530273e-01 8.600000143051147461e-01
0.000000000000000000e+00 -0.000000000000000000e+00 0.000000000000000000e+00
2.470697909593582153e-01 -2.817911803722381592e-01 8.460000157356262207e-01
3.671280443668365479e-01 -2.788417339324951172e-01 8.420000076293945312e-01
3.276618719100952148e-01 -3.120653629302978516e-01 8.230000138282775879e-01
1.525932997465133667e-01 -2.609031796455383301e-01 8.740000128746032715e-01
2.562391459941864014e-01 -3.079718053340911865e-01 8.289999961853027344e-01
-1.061395257711410522e-01 -3.243167996406555176e-01 8.510000109672546387e-01
1.778029054403305054e-01 -3.434677720069885254e-01 8.149999976158142090e-01
4.289657771587371826e-01 -2.899112999439239502e-01 8.320000171661376953e-01
3.363766074180603027e-01 -2.374030500650405884e-01 8.740000128746032715e-01
0.000000000000000000e+00 -0.000000000000000000e+00 0.000000000000000000e+00
-1.662677824497222900e-01 -2.719042599201202393e-01 8.880000114440917969e-01
3.512068390846252441e-01 -3.300629854202270508e-01 8.090000152587890625e-01
-4.082328453660011292e-02 -2.438156902790069580e-01 9.039999842643737793e-01
-5.188155546784400940e-02 -3.402626812458038330e-01 8.339999914169311523e-01
-2.487273700535297394e-02 -3.445913493633270264e-01 8.289999961853027344e-01
-1.315308362245559692e-01 -2.662764787673950195e-01 8.920000195503234863e-01
6.766008585691452026e-02 -2.214514911174774170e-01 9.120000004768371582e-01
7.118183374404907227e-02 -3.298592269420623779e-01 8.320000171661376953e-01
-1.144969016313552856e-01 -2.823323905467987061e-01 8.780000209808349609e-01
4.082924127578735352e-02 -2.508580982685089111e-01 8.920000195503234863e-01
-1.502767950296401978e-01 -2.856360673904418945e-01 8.830000162124633789e-01
2.296205610036849976e-01 -2.533163428306579590e-01 8.709999918937683105e-01
4.109515547752380371e-01 -3.371462821960449219e-01 8.000000119209289551e-01
3.129946887493133545e-01 -1.993338763713836670e-01 9.070000052452087402e-01
1.458432972431182861e-01 -2.264537066221237183e-01 9.039999842643737793e-01
1.820862293243408203e-01 -1.903398633003234863e-01 9.139999747276306152e-01
2.881123423576354980e-01 -3.542734086513519287e-01 8.040000200271606445e-01
-6.501384824514389038e-02 -2.428828626871109009e-01 9.070000052452087402e-01
-1.541490405797958374e-01 -3.170973956584930420e-01 8.579999804496765137e-01
-3.279589489102363586e-02 -2.231512367725372314e-01 9.190000295639038086e-01
3.101852536201477051e-01 -3.487712144851684570e-01 8.019999861717224121e-01
1.619290113449096680e-01 -2.771873772144317627e-01 8.619999885559082031e-01
3.164218664169311523e-01 -2.262807786464691162e-01 8.830000162124633789e-01
-1.431732922792434692e-01 -3.522300422191619873e-01 8.320000171661376953e-01
4.122783839702606201e-01 -1.915398687124252319e-01 8.949999809265136719e-01
1.702031344175338745e-01 -2.315912246704101562e-01 8.970000147819519043e-01
-1.133228316903114319e-01 -2.671720087528228760e-01 8.949999809265136719e-01
-1.102922558784484863e-01 -2.459733486175537109e-01 9.120000004768371582e-01
-2.976055629551410675e-02 -2.068398743867874146e-01 9.330000281333923340e-01
1.085916161537170410e-01 -3.443106114864349365e-01 8.169999718666076660e-01
3.466838896274566650e-01 -2.114556431770324707e-01 8.920000195503234863e-01
-1.565261483192443848e-01 -2.708073556423187256e-01 8.899999856948852539e-01
0.000000000000000000e+00 -0.000000000000000000e+00 0.000000000000000000e+00
-6.469134241342544556e-02 -2.108508050441741943e-01 9.269999861717224121e-01
3.052297532558441162e-01 -3.393854200839996338e-01 8.090000152587890625e-01
-1.234841868281364441e-01 -2.968096137046813965e-01 8.709999918937683105e-01
4.799422621726989746e-02 -3.566777408123016357e-01 8.130000233650207520e-01
2.865799367427825928e-01 -3.223431110382080078e-01 8.169999718666076660e-01
3.664351403713226318e-01 -1.958490908145904541e-01 8.989999890327453613e-01
4.295934736728668213e-01 -2.416035681962966919e-01 8.650000095367431641e-01
-4.811613820493221283e-03 -2.534207105636596680e-01 8.949999809265136719e-01
8.936160802841186523e-02 -2.079427689313888550e-01 9.219999909400939941e-01
-5.415469035506248474e-02 -2.055096924304962158e-01 9.269999861717224121e-01
5.710545927286148071e-02 -2.259604185819625854e-01 9.089999794960021973e-01
0.000000000000000000e+00 -0.000000000000000000e+00 0.000000000000000000e+00
-1.456402242183685303e-01 -2.367548942565917969e-01 9.169999957084655762e-01
1.151851490139961243e-01 -1.984411478042602539e-01 9.190000295639038086e-01
0.000000000000000000e+00 -0.000000000000000000e+00 0.000000000000000000e+00
3.436414897441864014e-01 -2.700101733207702637e-01 8.550000190734863281e-01
3.928974270820617676e-01 -2.583756446838378906e-01 8.600000143051147461e-01
0.000000000000000000e+00 -0.000000000000000000e+00 0.000000000000000000e+00
1.573376506567001343e-01 -3.396891951560974121e-01 8.209999799728393555e-01
-1.632881313562393188e-01 -2.799130082130432129e-01 8.809999823570251465e-01
2.659257352352142334e-01 -3.396748602390289307e-01 8.059999942779541016e-01
1.041630655527114868e-01 -2.338341772556304932e-01 8.989999890327453613e-01
3.164311349391937256e-01 -1.941079944372177124e-01 9.070000052452087402e-01
1.199804395437240601e-01 -2.434584051370620728e-01 8.899999856948852539e-01
-1.359430402517318726e-01 -3.458954691886901855e-01 8.360000252723693848e-01
-5.251894891262054443e-02 -2.493735253810882568e-01 8.989999890327453613e-01
-9.423922002315521240e-02 -2.190414965152740479e-01 9.240000247955322266e-01
-1.549433022737503052e-01 -2.883731424808502197e-01 8.809999823570251465e-01
2.681543231010437012e-01 -3.135820627212524414e-01 8.270000219345092773e-01
7.014860212802886963e-02 -2.008596956729888916e-01 9.219999909400939941e-01
8.009077981114387512e-03 -3.545911908149719238e-01 8.190000057220458984e-01
1.249473467469215393e-01 -2.166709154844284058e-01 9.139999747276306152e-01
9.248168766498565674e-02 -2.522889077663421631e-01 8.849999904632568359e-01
3.325098752975463867e-01 -1.986745595932006836e-01 9.039999842643737793e-01
1.343345642089843750e-01 -3.405167162418365479e-01 8.230000138282775879e-01
1.777162700891494751e-01 -3.223012089729309082e-01 8.289999961853027344e-01
2.386004775762557983e-01 -3.207740187644958496e-01 8.169999718666076660e-01
5.578061938285827637e-01 -2.917286753654479980e-01 1.074000000953674316e+00
-8.533727377653121948e-02 -2.961280941963195801e-01 8.690000176429748535e-01
1.707848161458969116e-01 -3.480123579502105713e-01 8.109999895095825195e-01
2.830722332000732422e-01 -3.431960940361022949e-01 8.069999814033508301e-01
2.810754477977752686e-01 -3.278510570526123047e-01 8.190000057220458984e-01
3.275246024131774902e-01 -2.671125531196594238e-01 8.510000109672546387e-01
2.960853874683380127e-01 -2.528311908245086670e-01 8.579999804496765137e-01
-1.181026175618171692e-01 -2.337412685155868530e-01 9.190000295639038086e-01
-7.728356868028640747e-02 -2.901183366775512695e-01 8.709999918937683105e-01
3.749504685401916504e-01 -1.958490908145904541e-01 8.989999890327453613e-01
-1.412701676599681377e-03 -2.571328878402709961e-01 8.899999856948852539e-01
-1.194331515580415726e-02 -2.185673713684082031e-01 9.219999909400939941e-01
1.303193122148513794e-01 -2.710934281349182129e-01 8.690000176429748535e-01
0.000000000000000000e+00 -0.000000000000000000e+00 0.000000000000000000e+00
-1.208868175745010376e-01 -2.126311808824539185e-01 9.269999861717224121e-01
-9.198831766843795776e-02 -2.249162346124649048e-01 9.190000295639038086e-01
-1.387953571975231171e-02 -3.429992198944091797e-01 8.289999961853027344e-01
0.000000000000000000e+00 -0.000000000000000000e+00 0.000000000000000000e+00
3.530603051185607910e-01 -1.917297691106796265e-01 9.039999842643737793e-01
1.298395097255706787e-01 -2.929994165897369385e-01 8.550000190734863281e-01
-1.209678575396537781e-01 -3.305896222591400146e-01 8.420000076293945312e-01
-6.942687183618545532e-02 -3.362618684768676758e-01 8.360000252723693848e-01
-1.528099626302719116e-01 -2.753151953220367432e-01 8.880000114440917969e-01
0.000000000000000000e+00 -0.000000000000000000e+00 0.000000000000000000e+00
1.767763309180736542e-02 -3.330506980419158936e-01 8.360000252723693848e-01
2.497534900903701782e-01 -3.363792002201080322e-01 8.130000233650207520e-01
2.231524139642715454e-01 -2.021843045949935913e-01 9.120000004768371582e-01
2.394751310348510742e-01 -2.415435612201690674e-01 8.830000162124633789e-01
3.166373074054718018e-02 -3.350384235382080078e-01 8.289999961853027344e-01
-0.000000000000000000e+00 -0.000000000000000000e+00 0.000000000000000000e+00
2.665876448154449463e-01 -3.119937479496002197e-01 8.270000219345092773e-01
1.393496543169021606e-01 -3.365907967090606689e-01 8.249999880790710449e-01
5.505080334842205048e-03 -2.231512367725372314e-01 9.190000295639038086e-01
2.853712737560272217e-01 -2.666341066360473633e-01 8.600000143051147461e-01
3.388058245182037354e-01 -2.396287173032760620e-01 8.759999871253967285e-01
1.857350468635559082e-01 -2.349118590354919434e-01 8.899999856948852539e-01
-1.552512943744659424e-01 -2.175912261009216309e-01 9.330000281333923340e-01
4.493321776390075684e-01 -2.391100972890853882e-01 8.619999885559082031e-01
5.019866395741701126e-03 -3.290191292762756348e-01 8.379999995231628418e-01
-4.329633712768554688e-02 -3.554570972919464111e-01 8.209999799728393555e-01
2.205664217472076416e-01 -3.278510570526123047e-01 8.190000057220458984e-01
2.248128503561019897e-01 -2.469208687543869019e-01 8.780000209808349609e-01
-1.292980909347534180e-01 -3.530767560005187988e-01 8.339999914169311523e-01
3.241416513919830322e-01 -3.002187609672546387e-01 8.339999914169311523e-01
5.729392543435096741e-02 -2.214514911174774170e-01 9.120000004768371582e-01
2.060244977474212646e-01 -2.982471883296966553e-01 8.420000076293945312e-01
1.127007305622100830e-01 -3.250226974487304688e-01 8.360000252723693848e-01
3.895210921764373779e-01 -3.393854200839996338e-01 8.090000152587890625e-01
3.037561476230621338e-01 -2.212373763322830200e-01 8.899999856948852539e-01
4.450134634971618652e-01 -2.261693477630615234e-01 8.759999871253967285e-01
1.016146987676620483e-01 -3.202058970928192139e-01 8.360000252723693848e-01
3.146275281906127930e-01 -2.736501693725585938e-01 8.510000109672546387e-01
2.634242773056030273e-01 -2.068967968225479126e-01 9.020000100135803223e-01
4.017816483974456787e-01 -3.300629854202270508e-01 8.090000152587890625e-01
9.288643300533294678e-02 -3.465982973575592041e-01 8.149999976158142090e-01
3.911091089248657227e-01 -1.816313713788986206e-01 8.970000147819519043e-01
-1.026196256279945374e-01 -2.833716869354248047e-01 8.759999871253967285e-01
-1.653228402137756348e-01 -2.151054441928863525e-01 9.300000071525573730e-01
3.013177812099456787e-01 -3.325108885765075684e-01 8.149999976158142090e-01
1.335958540439605713e-01 -2.987438142299652100e-01 8.479999899864196777e-01
2.224098518490791321e-02 -3.350384235382080078e-01 8.289999961853027344e-01
2.156842499971389771e-01 -2.749364376068115234e-01 8.550000190734863281e-01
6.401951611042022705e-02 -3.444195687770843506e-01 8.209999799728393555e-01
1.565413326025009155e-01 -3.334218263626098633e-01 8.249999880790710449e-01
3.521587327122688293e-02 -2.132550776004791260e-01 9.219999909400939941e-01
1.996755367144942284e-03 -2.359150201082229614e-01 9.070000052452087402e-01
1.866074651479721069e-01 -3.426249027252197266e-01 8.130000233650207520e-01
-7.186000049114227295e-02 -3.224112987518310547e-01 8.460000157356262207e-01
-4.939692094922065735e-02 -3.577370941638946533e-01 8.190000057220458984e-01
2.688951194286346436e-01 -3.278151154518127441e-01 8.149999976158142090e-01
1.101112291216850281e-01 -2.371529042720794678e-01 8.920000195503234863e-01
3.466091454029083252e-01 -3.331704735755920410e-01 8.090000152587890625e-01
3.757177591323852539e-01 -3.152674734592437744e-01 8.190000057220458984e-01
1.308975070714950562e-01 -3.396891951560974121e-01 8.209999799728393555e-01
1.395584940910339355e-01 -1.984411478042602539e-01 9.190000295639038086e-01
3.551837056875228882e-02 -3.110376596450805664e-01 8.460000157356262207e-01
1.809287071228027344e-01 -2.466311603784561157e-01 8.830000162124633789e-01
1.778348982334136963e-01 -2.615002095699310303e-01 8.759999871253967285e-01
2.229074686765670776e-01 -2.143003344535827637e-01 9.039999842643737793e-01
1.588215120136737823e-02 -3.445131480693817139e-01 8.249999880790710449e-01
7.189524173736572266e-02 -2.008596956729888916e-01 9.219999909400939941e-01
-7.763598114252090454e-02 -2.359803467988967896e-01 9.139999747276306152e-01
6.593239307403564453e-02 -2.232030481100082397e-01 9.120000004768371582e-01
-1.201841458678245544e-01 -2.968096137046813965e-01 8.709999918937683105e-01
0.000000000000000000e+00 -0.000000000000000000e+00 0.000000000000000000e+00
-1.273967325687408447e-02 -3.055624365806579590e-01 8.579999804496765137e-01
1.592065393924713135e-02 -3.437600433826446533e-01 8.270000219345092773e-01
3.172260150313377380e-02 -2.150258421897888184e-01 9.219999909400939941e-01
1.850673258304595947e-01 -3.426249027252197266e-01 8.130000233650207520e-01
7.975392788648605347e-02 -2.179483622312545776e-01 9.120000004768371582e-01
2.802065312862396240e-01 -3.239212930202484131e-01 8.209999799728393555e-01
9.285487979650497437e-02 -2.061720043420791626e-01 9.219999909400939941e-01
3.328060209751129150e-01 -2.427208125591278076e-01 8.690000176429748535e-01
2.563685476779937744e-01 -3.509744107723236084e-01 8.000000119209289551e-01
3.461543619632720947e-01 -2.070100754499435425e-01 8.949999809265136719e-01
-1.665700078010559082e-01 -3.563230335712432861e-01 8.230000138282775879e-01
3.193109855055809021e-02 -3.250226974487304688e-01 8.360000252723693848e-01
2.632917761802673340e-01 -2.246560007333755493e-01 8.899999856948852539e-01
1.198875159025192261e-01 -2.764907777309417725e-01 8.650000095367431641e-01
-9.075863659381866455e-02 -3.138016760349273682e-01 8.579999804496765137e-01
3.694907128810882568e-01 -2.340458929538726807e-01 8.740000128746032715e-01
2.767821215093135834e-02 -2.368708997964859009e-01 9.039999842643737793e-01
1.308975070714950562e-01 -3.428427875041961670e-01 8.209999799728393555e-01
1.986957192420959473e-01 -3.113152980804443359e-01 8.379999995231628418e-01
3.523459732532501221e-01 -2.216941863298416138e-01 8.849999904632568359e-01
0.000000000000000000e+00 -0.000000000000000000e+00 0.000000000000000000e+00
2.663422822952270508e-01 -2.538181543350219727e-01 8.669999837875366211e-01
0.000000000000000000e+00 -0.000000000000000000e+00 0.000000000000000000e+00
0.000000000000000000e+00 -0.000000000000000000e+00 0.000000000000000000e+00
-1.560789793729782104e-01 -2.840186655521392822e-01 8.780000209808349609e-01
2.813664674758911133e-01 -3.095639646053314209e-01 8.289999961853027344e-01
-5.716924369335174561e-02 -2.249162346124649048e-01 9.190000295639038086e-01
2.070041894912719727e-01 -1.909646093845367432e-01 9.169999957084655762e-01
2.696271538734436035e-01 -2.554832696914672852e-01 8.669999837875366211e-01
1.675466746091842651e-01 -2.483270317316055298e-01 8.830000162124633789e-01
-1.537544559687376022e-02 -3.524354994297027588e-01 8.249999880790710449e-01
2.679847180843353271e-01 -2.538181543350219727e-01 8.669999837875366211e-01
4.088501930236816406e-01 -3.239122331142425537e-01 8.169999718666076660e-01
1.608196049928665161e-01 -3.465982973575592041e-01 8.149999976158142090e-01
9.161154925823211670e-02 -3.110376596450805664e-01 8.460000157356262207e-01
0.000000000000000000e+00 -0.000000000000000000e+00 0.000000000000000000e+00
4.475534856319427490e-01 -2.190001457929611206e-01 8.809999823570251465e-01
2.244203388690948486e-01 -2.415435612201690674e-01 8.830000162124633789e-01
4.248496294021606445e-01 -3.034230172634124756e-01 8.209999799728393555e-01
0.000000000000000000e+00 -0.000000000000000000e+00 0.000000000000000000e+00
1.380887627601623535e-01 -3.061632513999938965e-01 8.460000157356262207e-01
2.759360074996948242e-01 -3.301334977149963379e-01 8.130000233650207520e-01
4.405019283294677734e-01 -2.659047544002532959e-01 8.420000076293945312e-01
0.000000000000000000e+00 -0.000000000000000000e+00 0.000000000000000000e+00
-7.194786518812179565e-02 -2.008163928985595703e-01 9.300000071525573730e-01
2.897009812295436859e-02 -3.208869099617004395e-01 8.420000076293945312e-01
2.759961485862731934e-01 -1.917297691106796265e-01 9.039999842643737793e-01
1.250384896993637085e-01 -2.383304685354232788e-01 8.899999856948852539e-01
2.855031490325927734e-01 -1.923660486936569214e-01 9.070000052452087402e-01
5.869620442390441895e-01 -2.548883855342864990e-01 1.101999998092651367e+00
9.211239218711853027e-02 -3.234170973300933838e-01 8.360000252723693848e-01
-8.864305168390274048e-02 -3.354568779468536377e-01 8.379999995231628418e-01
1.475425362586975098e-01 -3.186002969741821289e-01 8.360000252723693848e-01
3.368214368820190430e-01 -2.772246003150939941e-01 8.420000076293945312e-01
3.758886158466339111e-01 -2.687469720840454102e-01 8.510000109672546387e-01
-9.837474673986434937e-02 -2.097470462322235107e-01 9.300000071525573730e-01
2.296618968248367310e-01 -3.441503345966339111e-01 8.019999861717224121e-01
3.503307700157165527e-01 -3.494379520416259766e-01 8.000000119209289551e-01
2.690052092075347900e-01 -2.582165300846099854e-01 8.650000095367431641e-01
-1.396659910678863525e-01 -2.742259800434112549e-01 8.899999856948852539e-01
-1.241930499672889709e-01 -2.901013493537902832e-01 8.759999871253967285e-01
-6.229000538587570190e-02 -2.927901446819305420e-01 8.690000176429748535e-01
3.992595672607421875e-01 -3.431960940361022949e-01 8.069999814033508301e-01
0.000000000000000000e+00 -0.000000000000000000e+00 0.000000000000000000e+00
-2.223595976829528809e-01 -4.544329345226287842e-01 1.059000015258789062e+00
2.560459673404693604e-01 -2.616790235042572021e-01 8.600000143051147461e-01
0.000000000000000000e+00 -0.000000000000000000e+00 0.000000000000000000e+00
4.369895756244659424e-01 -1.902451366186141968e-01 8.970000147819519043e-01
3.298039138317108154e-01 -2.279766499996185303e-01 8.830000162124633789e-01
1.530506163835525513e-01 -2.824925184249877930e-01 8.579999804496765137e-01
1.908786147832870483e-01 -2.765442430973052979e-01 8.600000143051147461e-01
-9.604493528604507446e-02 -2.611370086669921875e-01 8.920000195503234863e-01
2.430824786424636841e-01 -1.997734159231185913e-01 9.089999794960021973e-01
2.654685974121093750e-01 -1.927902102470397949e-01 9.089999794960021973e-01
1.949614472687244415e-02 -2.185673713684082031e-01 9.219999909400939941e-01
8.423844724893569946e-02 -3.444195687770843506e-01 8.209999799728393555e-01
-8.140920847654342651e-02 -3.477756679058074951e-01 8.289999961853027344e-01
-5.241260677576065063e-02 -2.894521951675415039e-01 8.690000176429748535e-01
4.443662166595458984e-01 -2.182544171810150146e-01 8.780000209808349609e-01
2.331826984882354736e-01 -2.073555439710617065e-01 9.039999842643737793e-01
3.241416513919830322e-01 -3.066257834434509277e-01 8.339999914169311523e-01
1.319655478000640869e-01 -2.710934281349182129e-01 8.690000176429748535e-01
0.000000000000000000e+00 -0.000000000000000000e+00 0.000000000000000000e+00
2.251111418008804321e-01 -3.410634994506835938e-01 8.130000233650207520e-01
1.237343773245811462e-01 -2.710934281349182129e-01 8.690000176429748535e-01
-8.705554157495498657e-02 -3.418946564197540283e-01 8.379999995231628418e-01
2.718953788280487061e-01 -2.527346909046173096e-01 8.690000176429748535e-01
2.236417829990386963e-01 -1.938506662845611572e-01 9.139999747276306152e-01
4.049173370003700256e-02 -3.537252545356750488e-01 8.169999718666076660e-01
3.805468082427978516e-01 -2.493967264890670776e-01 8.690000176429748535e-01
-9.077154099941253662e-02 -2.605514824390411377e-01 8.899999856948852539e-01
0.000000000000000000e+00 -0.000000000000000000e+00 0.000000000000000000e+00
3.873388171195983887e-01 -2.922099530696868896e-01 8.339999914169311523e-01
4.119789302349090576e-01 -3.318279385566711426e-01 8.019999861717224121e-01
-0.000000000000000000e+00 -0.000000000000000000e+00 0.000000000000000000e+00
3.070925474166870117e-01 -2.792000770568847656e-01 8.479999899864196777e-01
-3.031151555478572845e-02 -2.488187551498413086e-01 8.970000147819519043e-01
-1.362494379281997681e-01 -2.296891510486602783e-01 9.240000247955322266e-01
0.000000000000000000e+00 -0.000000000000000000e+00 0.000000000000000000e+00
3.875223696231842041e-01 -3.144605457782745361e-01 8.209999799728393555e-01
3.263699710369110107e-01 -2.694281935691833496e-01 8.479999899864196777e-01
0.000000000000000000e+00 -0.000000000000000000e+00 0.000000000000000000e+00
-3.100424259901046753e-02 -3.476820886135101318e-01 8.249999880790710449e-01
1.062861829996109009e-01 -3.003724515438079834e-01 8.479999899864196777e-01
2.253080457448959351e-01 -3.159926533699035645e-01 8.249999880790710449e-01
2.784631550312042236e-01 -2.876088619232177734e-01 8.439999818801879883e-01
0.000000000000000000e+00 -0.000000000000000000e+00 0.000000000000000000e+00
-7.441647350788116455e-02 -2.279490828514099121e-01 9.169999957084655762e-01
-7.016851007938385010e-02 -2.428828626871109009e-01 9.070000052452087402e-01
2.601405382156372070e-01 -3.431960940361022949e-01 8.069999814033508301e-01
3.224656879901885986e-01 -2.869273424148559570e-01 8.420000076293945312e-01
8.636508136987686157e-02 -2.676174938678741455e-01 8.740000128746032715e-01
3.945076465606689453e-01 -1.971361488103866577e-01 8.970000147819519043e-01
2.185481637716293335e-01 -3.079718053340911865e-01 8.289999961853027344e-01
1.308537274599075317e-01 -1.984411478042602539e-01 9.190000295639038086e-01
-1.693832501769065857e-02 -3.524354994297027588e-01 8.249999880790710449e-01
2.444409728050231934e-01 -2.808287143707275391e-01 8.479999899864196777e-01
-1.201672032475471497e-01 -2.754608690738677979e-01 8.830000162124633789e-01
1.197528988122940063e-01 -2.184263169765472412e-01 9.139999747276306152e-01
1.527242362499237061e-01 -3.457477688789367676e-01 8.130000233650207520e-01
1.733473241329193115e-01 -2.996640503406524658e-01 8.460000157356262207e-01
0.000000000000000000e+00 -0.000000000000000000e+00 0.000000000000000000e+00
1.112006679177284241e-01 -2.676174938678741455e-01 8.740000128746032715e-01
3.345895409584045410e-01 -2.334307730197906494e-01 8.780000209808349609e-01
2.789520286023616791e-02 -2.956753373146057129e-01 8.579999804496765137e-01
-1.186663210391998291e-01 -3.112297952175140381e-01 8.600000143051147461e-01
3.901598453521728516e-01 -3.465527296066284180e-01 8.040000200271606445e-01
3.520824313163757324e-01 -3.434644341468811035e-01 8.040000200271606445e-01
1.773049682378768921e-01 -2.349118590354919434e-01 8.899999856948852539e-01
3.681982457637786865e-01 -3.089040815830230713e-01 8.230000138282775879e-01
1.300193816423416138e-01 -2.754649221897125244e-01 8.669999837875366211e-01
1.047749593853950500e-01 -2.838095128536224365e-01 8.619999885559082031e-01
2.155977636575698853e-01 -2.309730350971221924e-01 8.880000114440917969e-01
-1.953278668224811554e-02 -2.850998938083648682e-01 8.709999918937683105e-01
3.344522714614868164e-01 -2.510657012462615967e-01 8.690000176429748535e-01
-5.616336315870285034e-02 -3.177791833877563477e-01 8.510000109672546387e-01
2.675150334835052490e-01 -2.683680951595306396e-01 8.550000190734863281e-01
3.645286262035369873e-01 -2.283719927072525024e-01 8.780000209808349609e-01
-8.355541527271270752e-02 -2.709856629371643066e-01 8.849999904632568359e-01
1.065198183059692383e-01 -3.473092019557952881e-01 8.130000233650207520e-01
-1.525888741016387939e-01 -2.367548942565917969e-01 9.169999957084655762e-01
8.642074465751647949e-02 -3.358184695243835449e-01 8.270000219345092773e-01
2.372450679540634155e-01 -2.785533964633941650e-01 8.510000109672546387e-01
-1.722370237112045288e-01 -3.275856077671051025e-01 8.510000109672546387e-01
5.533276870846748352e-02 -2.979256808757781982e-01 8.550000190734863281e-01
0.000000000000000000e+00 -0.000000000000000000e+00 0.000000000000000000e+00
3.758156001567840576e-01 -1.833541244268417358e-01 8.970000147819519043e-01
1.841296255588531494e-01 -3.021975159645080566e-01 8.439999818801879883e-01
2.975307106971740723e-01 -1.871401667594909668e-01 9.070000052452087402e-01
5.104609578847885132e-02 -2.030700147151947021e-01 9.240000247955322266e-01
3.036025762557983398e-01 -3.018205165863037109e-01 8.339999914169311523e-01
0.000000000000000000e+00 -0.000000000000000000e+00 0.000000000000000000e+00
-1.831392385065555573e-02 -2.559975683689117432e-01 8.920000195503234863e-01
-1.641763597726821899e-01 -3.259512186050415039e-01 8.510000109672546387e-01
-1.808807812631130219e-02 -2.765289843082427979e-01 8.809999823570251465e-01
9.246326237916946411e-02 -3.302528858184814453e-01 8.249999880790710449e-01
3.457552194595336914e-01 -3.063796460628509521e-01 8.289999961853027344e-01
7.109643518924713135e-02 -3.566777408123016357e-01 8.130000233650207520e-01
-1.334844529628753662e-02 -2.511001229286193848e-01 8.989999890327453613e-01
-1.481711585074663162e-02 -2.641868293285369873e-01 8.849999904632568359e-01
0.000000000000000000e+00 -0.000000000000000000e+00 0.000000000000000000e+00
-8.588244765996932983e-02 -3.105059862136840820e-01 8.579999804496765137e-01
2.939461469650268555e-01 -2.920020222663879395e-01 8.379999995231628418e-01
1.393611729145050049e-01 -3.103023469448089600e-01 8.439999818801879883e-01
1.268701255321502686e-01 -3.094128668308258057e-01 8.460000157356262207e-01
-8.101733773946762085e-02 -2.104236632585525513e-01 9.330000281333923340e-01
2.148573696613311768e-01 -3.325108885765075684e-01 8.149999976158142090e-01
-1.632702201604843140e-01 -2.708073556423187256e-01 8.899999856948852539e-01
2.846765855792909861e-04 -2.144115567207336426e-01 9.269999861717224121e-01
9.080514311790466309e-02 -2.522889077663421631e-01 8.849999904632568359e-01
1.461020708084106445e-01 -3.012888431549072266e-01 8.460000157356262207e-01
-5.126808583736419678e-02 -2.428828626871109009e-01 9.070000052452087402e-01
3.889187574386596680e-01 -2.938117086887359619e-01 8.339999914169311523e-01
9.552803635597229004e-02 -2.771300375461578369e-01 8.669999837875366211e-01
-8.388052880764007568e-02 -3.322380185127258301e-01 8.379999995231628418e-01
2.115214169025421143e-01 -1.956060677766799927e-01 9.139999747276306152e-01
-4.463993757963180542e-02 -2.337124198675155640e-01 9.120000004768371582e-01
3.379112575203180313e-03 -3.476820886135101318e-01 8.249999880790710449e-01
0.000000000000000000e+00 -0.000000000000000000e+00 0.000000000000000000e+00
3.813128769397735596e-01 -2.144001424312591553e-01 8.899999856948852539e-01
-4.326628893613815308e-02 -3.145103752613067627e-01 8.510000109672546387e-01
2.585655152797698975e-01 -2.160864472389221191e-01 8.970000147819519043e-01
0.000000000000000000e+00 -0.000000000000000000e+00 0.000000000000000000e+00
2.621960043907165527e-01 -2.952208817005157471e-01 8.379999995231628418e-01
9.446717053651809692e-02 -2.264537066221237183e-01 9.039999842643737793e-01
3.876699805259704590e-01 -3.472309410572052002e-01 8.019999861717224121e-01
-1.450944691896438599e-01 -3.587734103202819824e-01 8.249999880790710449e-01
1.948440372943878174e-01 -1.944869458675384521e-01 9.169999957084655762e-01
3.591526150703430176e-01 -2.788417339324951172e-01 8.420000076293945312e-01
-4.859998822212219238e-03 -2.420794963836669922e-01 9.039999842643737793e-01
